root
512
1
-1
-1
-1
-1
-1
odd_num.xsm
144
3
-1
-1
-1
-1
-1
even_num.xsm
144
3
-1
-1
-1
-1
-1
fork.xsm
390
3
-1
-1
-1
-1
-1
s20.xsm
588
3
-1
-1
-1
-1
-1
s21.xsm
340
3
-1
-1
-1
-1
-1
s23a.xsm
350
3
-1
-1
-1
-1
-1
s221.xsm
990
3
-1
-1
-1
-1
-1
s222c.xsm
328
3
-1
-1
-1
-1
-1
s222p.xsm
280
3
-1
-1
-1
-1
-1
s223a.xsm
1150
3
-1
-1
-1
-1
-1
s223b.xsm
1930
3
-1
-1
-1
-1
-1
s23b.xsm
268
3
-1
-1
-1
-1
-1
-1
-1
-1
-1
-1
-1
-1
-1
sample.dat
8
2
-1
-1
-1
-1
-1
-1
-1
-1
-1
-1
-1
-1
-1
s24a.xsm
318
3
-1
-1
-1
-1
-1
s24b.xsm
516
3
-1
-1
-1
-1
-1
num.dat
2048
2
-1
-1
-1
-1
-1
-1
-1
-1
-1
-1
-1
-1
-1
-1
0
-1
-1
-1
-1
-1
-1
-1
0
-1
-1
-1
-1
-1
-1
-1
0
-1
-1
-1
-1
-1
-1
-1
0
-1
-1
-1
-1
-1
-1
-1
0
-1
-1
-1
-1
-1
-1
-1
0
-1
-1
-1
-1
-1
-1
-1
0
-1
-1
-1
-1
-1
-1
-1
0
-1
-1
-1
-1
-1
-1
-1
0
-1
-1
-1
-1
-1
-1
-1
0
-1
-1
-1
-1
-1
-1
-1
0
-1
-1
-1
-1
-1
-1
-1
0
-1
-1
-1
-1
-1
-1
-1
0
-1
-1
-1
-1
-1
-1
-1
0
-1
-1
-1
-1
-1
-1
-1
0
-1
-1
-1
-1
-1
-1
-1
0
-1
-1
-1
-1
-1
-1
-1
0
-1
-1
-1
-1
-1
-1
-1
0
-1
-1
-1
-1
-1
-1
-1
0
-1
-1
-1
-1
-1
-1
-1
0
-1
-1
-1
-1
-1
-1
-1
0
-1
-1
-1
-1
-1
-1
-1
0
-1
-1
-1
-1
-1
-1
-1
0
-1
-1
-1
-1
-1
-1
-1
0
-1
-1
-1
-1
-1
-1
-1
0
-1
-1
-1
-1
-1
-1
-1
0
-1
-1
-1
-1
-1
-1
-1
0
-1
-1
-1
-1
-1
-1
-1
0
-1
-1
-1
-1
-1
-1
-1
0
-1
-1
-1
-1
-1
-1
-1
0
-1
-1
-1
-1
-1
-1
-1
0
-1
-1
-1
-1
-1
-1
-1
0
-1
-1
-1
-1
-1
-1
-1
0
-1
-1
-1
-1
-1
-1
-1
0
-1
-1
-1
-1
-1
-1
-1
0
-1
-1
-1
-1
-1
-1
-1
0
-1
-1
-1
-1
-1
-1
-1
0
-1
-1
-1
-1
-1
-1
-1
0
-1
-1
-1
-1
-1
-1
-1
0
-1
-1
-1
-1
-1
-1
-1
0
-1
-1
-1
-1
-1
-1
-1
0
-1
-1
-1
-1
-1
-1
-1
0
-1
-1
-1
-1
-1
-1
-1
0
-1
-1
-1
-1
-1
-1
-1
0
-1
-1
-1
-1
-1
-1
